34
144 2
2159 86252 
841 3
97336 53547 18412 
13 2
27540 35977 
198 4
43277 85926 67461 72862 
682 7
62803 36725 2095 99911 37421 71748 64141 
231 7
32599 49217 32684 23534 51340 2623 63041 
70 7
46955 59038 39147 69450 12609 64693 51218 
281 8
35282 28028 44849 98763 61772 39307 34826 58260 
936 11
6219 30600 91792 31663 61472 35974 73598 43530 89443 16142 30618 
81 13
61114 2707 37652 79916 4736 30539 24063 31106 53156 79511 18456 86279 9268 
44 8
67337 19798 6481 11301 7177 48493 12732 27027 
328 12
33740 81785 49207 19527 367 53214 19780 96227 43999 33938 25160 34807 
120 12
27416 77479 37305 54379 90825 25587 84406 26106 44585 32188 8848 85140 
856 15
93699 18910 28726 24378 28413 20892 62884 9664 11792 45789 57723 76147 35138 48369 10159 
471 14
3483 15816 14167 12704 51538 81107 32118 73200 6961 35339 73414 18841 90830 99955 
463 10
69374 3496 9592 51567 16211 84698 4723 72088 55917 77430 
552 12
26350 64790 19646 43328 94290 25992 55545 95124 49661 9877 47379 37990 
416 15
77021 14666 72703 94715 85126 78105 92947 1804 17330 43182 79390 70897 17636 61303 75226 
386 14
65711 31085 23902 89204 46755 43600 41109 36458 18421 17512 6016 67088 33385 85219 
948 17
39578 91111 79672 6900 55675 89537 49716 36420 98258 25708 53225 11347 47500 39097 96773 28157 8941 
275 21
44687 56099 19197 87440 5874 89075 80390 13727 34654 78046 15809 28202 24185 37622 62421 90778 68837 58119 65345 56813 38324 
435 22
58609 81036 84965 3191 31747 37475 56133 87514 468 11718 40494 34241 48405 79112 21866 97688 35239 95274 34335 95703 46239 32522 
703 20
71501 60396 47401 44773 39512 87338 14638 26371 49064 81481 90768 1560 54963 18747 9559 95323 129 6977 86675 62254 
406 19
5175 80456 82163 71181 95533 76263 22702 32315 38572 11373 33777 39409 7785 97729 83364 54313 15264 43520 84733 
541 17
96782 59810 93418 30209 93491 73074 43135 62190 24930 53375 1339 54475 80208 27260 65129 34813 51843 
629 25
86651 56522 72254 58470 7430 76198 42790 49760 85930 44767 15381 33843 40469 6335 49084 44432 4119 78674 44720 59031 94070 40806 32770 61500 23563 
565 27
47926 18298 59448 21867 99859 28502 2500 11011 81791 73215 49006 96649 46138 23335 11480 9327 7647 55720 82707 17779 54181 44973 86886 15498 77673 34974 68289 
221 21
2939 63931 18439 4511 58210 8930 59295 9653 71305 44632 7527 69314 68448 95958 55582 30788 96568 66391 62039 47015 42072 
762 18
71309 8710 55343 48424 67087 51709 77147 7198 44445 74542 5687 82838 9091 65447 22616 34911 86598 10739 
450 23
98694 96331 78089 34850 33222 26416 34350 62328 25354 16126 41428 54622 41943 38383 1731 361 33142 17196 5722 57628 29185 69742 99360 
628 24
21435 195 2077 46407 36084 75296 41450 86412 7421 11306 39111 20111 61834 26672 28769 76074 62512 84904 24701 71292 98692 5476 90249 41304 
761 14
32368 24676 78140 41509 6162 87097 38096 35721 43034 15455 11921 37498 96592 25330 
146 10
93375 77474 95077 57078 59379 24660 91766 46781 56219 97504 
947 3
11564 1913 55387 
