182
6670 14
28080 22441 23424 61304 93926 58112 93558 42836 3741 48496 5932 85491 32372 44840 
6661 10
37238 56416 17522 79387 86958 37975 62917 1820 67718 46249 
6662 14
33638 44556 64323 46197 22401 2576 53378 67410 59662 77505 11990 95718 63706 65002 
6663 18
50977 55173 18204 47822 27372 61674 22280 34198 48553 10406 12496 90206 49750 46973 82590 92013 32798 45053 
6664 10
4741 41490 78230 79702 52097 99029 21625 92775 9884 89703 
6665 15
94640 35658 78328 60207 88816 50515 21582 31325 96148 67942 14148 49364 20270 15422 90309 
6666 15
36581 93596 53303 95095 29962 65449 7473 7008 4524 44555 93693 47212 71161 35105 76810 
6667 12
85540 13543 91227 25655 93446 26562 83751 18110 15607 3628 18531 33977 
6668 17
83493 24563 4922 25654 99754 19966 47241 8996 44158 12346 30286 26256 55843 69484 78480 25431 80273 
6669 20
59832 96915 92111 3242 85781 83505 23109 99363 42918 67049 70627 38592 85615 76938 13095 35314 77258 1918 1889 1901 
6660 11
503 21371 715 48688 8197 15571 76945 77481 71964 62446 50595 
6671 15
83428 24213 98670 26968 95983 6542 28793 56116 79169 69414 93712 44283 12097 51409 10627 
6672 10
36661 85095 84169 7832 83139 59459 11758 7035 43485 96994 
6673 10
73418 34572 76296 23796 50888 65766 30070 51168 42973 54187 
6674 14
44386 86425 39489 84547 11514 80511 32297 53115 63865 72304 54100 33970 69507 11738 
6675 10
19032 60941 5734 21393 75116 73512 48196 91404 76543 71736 
6676 11
12465 69006 88551 19224 26075 67199 32079 65973 95455 92198 90738 
6677 14
2525 62366 60934 18035 39373 18230 29824 94143 28138 39265 99327 2620 18424 36660 
6678 11
54326 57644 3822 88536 61086 38821 52475 62605 8491 72210 29257 
6679 17
65843 32194 80781 31872 78144 67448 27102 29223 65611 82681 47119 35817 83887 72151 36508 25368 55721 
6650 19
89954 95778 89785 61723 66902 19097 65651 20578 24654 71887 45180 48965 48680 68771 42801 35527 40209 39747 48210 
6641 15
39050 54873 78045 78931 83457 20004 5314 38892 94195 51814 88013 25626 34905 83966 75785 
6642 11
82426 27336 35838 61459 46812 82638 11790 99831 81020 40304 55184 
6643 11
58905 99184 4115 63133 94483 99968 3395 28141 20465 85321 48733 
6644 20
89990 62465 5281 47332 52990 87633 79918 60249 35676 34217 91504 2164 10816 32722 59710 43182 39066 67532 73905 34688 
6645 11
6841 67775 98520 22571 55235 11090 68788 80150 5018 73926 82989 
6646 11
6063 94394 56925 72758 98245 56495 29897 38554 40391 30797 73362 
6647 13
75632 62188 63472 69617 14914 21937 99464 59082 17147 67756 34557 66674 69348 
6648 16
12829 21251 68359 12455 2954 77487 60262 91520 77751 78236 49094 50138 43434 6806 51529 70783 
6649 14
67883 48012 75611 88186 40576 59565 25729 80064 43069 24533 33631 31603 89480 18523 
6680 15
15370 74415 34284 39175 66043 2474 47767 52709 11670 53964 30247 57564 98860 77425 18164 
6651 15
97922 17235 75521 51614 71387 21468 47244 74736 24752 52850 42422 56279 10564 34061 60822 
6652 11
65213 201 45239 65063 13506 5853 66038 67196 30725 24503 24500 
6653 11
77499 68278 7097 49061 24204 20599 67993 51680 8245 79956 79668 
6654 17
5163 56962 4688 82253 56570 72165 31707 78231 68860 18908 40876 42309 10613 63573 4327 61709 27796 
6655 20
15433 52806 961 48828 78703 64013 60650 49069 88499 13993 70869 38082 59610 94030 8067 72032 12300 30280 89066 1741 
6656 18
89539 44223 91324 85014 31792 26819 71534 10195 63240 77941 57352 13355 68962 18667 93514 91373 46400 95713 
6657 13
20560 85570 40424 62405 88294 87436 49626 94183 26739 31033 91754 25342 94464 
6658 16
27508 76036 18744 83270 22363 1059 62393 68403 38461 64619 35885 22673 69522 20548 52244 22660 
6659 11
90686 30787 64002 28602 34109 79939 70007 30092 82661 18019 20465 
6709 18
69637 56106 9950 88094 40945 54372 51272 61772 4796 91097 77951 65752 63781 80243 78420 578 90665 52900 
6700 18
20001 58255 8858 75605 6836 37540 65625 56261 86924 89962 11380 7419 19502 90696 14219 64347 98647 52307 
6701 10
82032 34917 80191 82855 87693 64765 82591 20538 72445 13604 
6702 19
32460 89309 25794 18442 19296 36390 25065 65657 45821 46273 22817 75983 76843 41999 8808 81785 93166 63639 50753 
6703 18
67282 89846 32929 30202 29709 83569 57248 33157 76730 38507 3664 46357 34605 167 41312 65934 34060 34923 
6704 13
12078 91105 5385 71272 36722 40055 37796 88392 55321 14259 70015 47648 42594 
6705 14
48332 13254 98778 87212 53252 25972 21626 68142 84572 78371 91455 32380 87881 85307 
6706 10
44340 74551 39496 78717 53515 93556 57944 14892 29936 71361 
6707 18
38153 21808 11537 46463 16327 71416 96522 43036 64318 28808 92384 15511 6783 34274 87819 12801 73359 26132 
6708 18
86005 33847 37840 46731 41018 3164 13767 74189 77942 65529 1616 51954 49812 68926 4332 82656 25097 60358 
6699 17
86751 3616 66077 96602 46382 96356 36873 75064 96160 36803 75376 5030 88650 79640 46488 96380 38459 
6710 14
80968 98971 7218 87179 75917 79145 99269 62069 66945 83162 46043 5194 59355 93055 
6711 12
65242 80421 63614 48988 71164 58897 23332 23151 35679 37438 10981 66419 
6712 19
87917 28022 10214 14454 4014 60773 76611 89403 15454 4260 36804 55337 62255 85203 8461 90135 82890 72059 21673 
6713 20
74229 3135 29160 24935 85644 78296 12685 74996 28079 75223 83280 1414 3359 53834 57314 642 18934 28885 48760 25486 
6714 14
36235 74915 12786 20579 82642 79798 69010 94077 13167 70874 83436 44688 55809 31600 
6715 18
35878 70288 49510 96008 9544 69349 94724 95314 3598 68116 34769 21077 98111 26822 67956 75926 92033 1147 
6716 13
43369 19528 36073 77848 75910 89440 60612 22414 33913 37780 58043 52106 36349 
6717 20
81339 36096 18367 33661 74352 14982 2492 95454 41992 83653 32544 68371 87993 18904 26392 40088 25539 52310 28162 62589 
6718 20
1672 46024 25050 22505 86973 73545 45002 49208 90174 65227 90812 48788 76171 6306 14462 5870 84004 21013 38427 11486 
6690 13
43646 68314 94341 11477 36563 9901 17095 45437 55210 24271 38915 82873 47095 
6681 20
91180 20095 2919 61662 50712 81470 65508 18428 62095 31145 34476 25917 87963 13526 49451 71418 73261 40767 40452 45172 
6682 19
5294 29298 28201 97974 4975 52663 62649 75819 46591 68607 60898 43867 90012 39929 55415 38214 85761 83046 86535 
6683 20
10427 54273 98182 92097 40642 77971 93585 53939 30537 71803 15737 20575 61531 65452 83197 48767 31128 93888 88756 34842 
6684 15
42742 23191 6962 12985 30230 92084 30077 81014 19113 58604 81377 4141 36951 229 77163 
6685 18
55525 30152 39797 83859 72964 10677 15478 79479 65823 94317 78907 88394 74792 50087 91472 6876 30870 76266 
6686 14
26228 54361 51855 38182 67169 10035 93809 38316 3332 17313 2929 7754 43482 75489 
6687 16
97338 66083 25819 34253 71957 1974 11527 63945 82484 54528 79753 64081 29673 72446 60359 25977 
6688 20
90381 36135 9103 31997 89247 92751 91244 61095 94490 83085 81121 49367 55025 22578 31119 91570 64789 82872 79150 31499 
6689 20
45742 60721 38358 15825 56360 68814 21074 24598 2589 54753 41374 72417 33352 22298 27530 32064 91585 24539 28685 15500 
6640 10
53977 66266 94105 53923 10242 42620 8464 48383 10578 5291 
6691 18
65536 17847 91077 86178 36494 1592 90282 17562 52101 55685 62430 12402 90973 59019 20105 58474 24976 33031 
6692 16
28401 7892 32200 76111 96767 89424 35104 22339 45944 82345 77310 25615 9262 46558 76676 12835 
6693 17
78858 28274 94469 28662 3692 55375 14953 37701 7108 80946 87106 12197 77269 61470 89593 88888 11171 
6694 14
43114 29563 78535 51500 93434 34659 95283 87237 8661 71961 27826 47023 6928 81013 
6695 12
57966 73332 84968 51863 84272 14959 37692 92383 45807 25348 40882 76380 
6696 10
94775 5039 22969 33710 99050 69957 2360 70893 71651 12199 
6697 18
98875 99921 4307 22761 28488 26388 52185 52000 47534 65374 7818 21502 8781 74011 74697 62194 92386 61008 
6698 20
52944 76220 93865 48694 89391 78589 29418 14519 16542 70031 61763 48976 48503 90165 20552 78901 78305 78708 49808 57357 
6591 20
71289 3917 20794 47170 74079 79707 98322 49517 87551 85228 91109 76733 56722 6139 59767 52332 28308 7197 60052 38928 
6582 16
75619 75942 11085 9341 7725 89566 96211 49159 28203 11429 21859 62459 19636 61703 51402 92849 
6583 13
55526 76356 65757 85355 60537 85312 3901 76636 41352 53460 51969 93053 16248 
6584 17
47681 50851 28980 67825 45335 91428 11584 94283 29120 75440 12341 74048 39012 97221 53981 86810 56723 
6585 12
69992 96872 98000 3145 99268 95885 94505 95266 74371 47115 23031 76539 
6586 18
51950 64014 86445 35966 60687 22929 42086 5579 47698 41139 90896 60901 87131 28119 42600 37323 73428 96436 
6587 14
53829 31926 61319 89475 45966 76783 84829 8480 31300 37851 29446 55811 48916 92688 
6588 20
60125 88210 19537 75995 48982 50826 49067 50809 7618 42352 66794 98341 1988 82960 38766 2159 75758 47631 37636 36766 
6589 17
77610 83198 20342 15626 28104 41750 58344 99279 71061 37452 12262 26364 1466 55233 53249 77565 28167 
6590 18
57556 69388 73956 76762 99933 19817 84237 14951 91430 18636 79428 78056 40679 29815 90657 30185 8919 52339 
6581 11
50911 91486 10189 4779 34635 87351 34490 75126 49811 36828 1403 
6592 12
7872 18928 29885 92036 73174 75727 44630 24425 14848 66331 56204 50263 
6593 9
32523 19759 25465 74293 81347 98187 48379 26465 26860 
6594 13
50315 54261 23659 31640 23273 87680 56405 86297 83086 28837 78452 62447 67175 
6595 16
15614 68552 69437 14822 43575 40768 88238 59238 33615 7302 35813 25204 99861 89516 7214 81783 
6596 13
99315 12096 56935 29311 22425 95766 93210 50204 68981 5521 71384 31486 80286 
6597 10
92021 53302 15458 7440 65480 88275 36057 61254 3198 97363 
6598 19
32414 24299 39829 48369 26647 54550 2997 46416 71378 72832 36736 48821 93202 37131 662 93894 51440 27971 43454 
6599 11
23302 45501 93183 83455 63812 9054 31635 15578 78054 21147 32483 
6600 12
20474 6558 52800 95278 4539 72201 52762 87608 14604 84265 53584 96614 
6572 12
64810 83249 59309 54443 28378 43279 37887 58485 75962 79617 42542 30560 
6563 19
1096 68321 7148 19889 33402 29745 2734 39666 13906 32694 73164 47941 31973 21706 2605 71702 27464 20633 26140 
6564 12
61898 2643 63645 61293 25873 21305 82125 73340 9300 26188 40167 23828 
6565 18
32342 66750 48195 15993 89031 17314 48161 53496 10376 73389 77887 90614 85793 58096 5603 41172 76267 85738 
6566 14
91967 81276 96287 44922 49086 29932 27610 29333 90199 36626 59813 84999 78116 57047 
6567 15
93184 81167 52329 29950 9197 68935 96430 22857 56153 17028 14082 24177 99881 21389 8273 
6568 16
56609 15778 62870 82393 15107 76297 67360 48044 95390 47901 77119 24258 73865 97611 53979 40682 
6569 13
72330 98702 60216 12254 81290 54274 36329 272 65646 75385 81758 72414 36802 
6570 19
81143 91607 69553 94364 87210 8442 44856 53585 91144 30656 78013 57453 57606 23095 10335 26069 75928 18679 8919 
6571 15
23129 83358 5567 23386 3865 16266 95036 40622 44632 87513 17244 18691 34317 8036 56438 
6601 14
17231 51301 23397 72784 73875 33026 10989 96661 70705 54476 79351 49250 1255 22199 
6573 10
97986 90076 17491 54403 82428 27417 92807 25795 96088 6298 
6574 14
71244 34065 20362 13128 22045 77559 49134 26990 71248 71468 78617 96050 65921 63508 
6575 17
62727 16265 30716 67507 90459 65896 4708 66548 52064 65958 97667 34928 67228 89958 97009 27221 52090 
6576 17
46173 76289 2405 37713 709 90562 27080 19078 59711 67843 50222 96340 29679 63402 99596 56232 16114 
6577 19
20950 21860 21943 77161 94756 97718 91222 51211 29382 66843 66959 92271 22110 39782 10211 13148 63694 75883 97262 
6578 10
836 21252 18702 23222 15324 96914 18760 79026 5637 76143 
6579 12
64898 2846 6821 13387 40243 58323 31885 19761 60202 39545 57009 48298 
6580 10
73571 97376 1115 55542 66649 31 480 11889 1300 67781 
6630 13
3709 67107 47159 92878 62264 4871 59604 70422 86208 29501 99868 59149 49202 
6621 10
58005 21628 38960 79953 79047 25461 15965 39522 24918 29969 
6622 17
84481 45670 57998 82147 58564 6272 18793 24733 62848 47299 79296 1133 9183 44905 88036 88021 53429 
6623 17
31681 42512 49504 89744 26996 16614 96838 31814 60235 25918 2008 2855 70799 33766 27997 4384 46320 
6624 13
86738 16173 71019 65680 38905 80062 64750 82094 45683 61135 10286 78491 75489 
6625 18
28397 60948 89881 58262 63776 76904 34124 94829 24544 21827 45055 51990 78173 42728 97778 29877 44475 43817 
6626 18
86838 74009 21817 77695 33297 30464 23030 19180 34585 96095 43743 47443 14715 15749 85778 1774 49790 71113 
6627 11
25067 10037 93569 2777 83145 2003 26052 40830 46077 75586 34898 
6628 9
33427 22221 80033 61442 33668 92019 95111 26527 4392 
6629 20
70445 30401 84110 89630 66411 84276 92103 56487 27322 64396 29540 62057 34388 15665 47592 50800 53925 53287 68993 11501 
6620 20
78397 34407 82787 68616 28426 58252 67639 11610 57799 88319 73468 9849 20893 43459 30693 36538 46322 62730 74278 22378 
6631 11
62386 42024 30763 96378 45331 38393 91263 830 15648 81202 16660 
6632 11
44390 23826 94227 97473 51565 59580 35272 24026 73227 92841 81021 
6633 20
3560 97717 48990 66888 63971 78792 28747 27148 23120 50672 7343 13722 4861 71810 24522 12603 38820 91131 46796 69673 
6634 16
48981 86293 2045 95224 67365 10566 14480 20397 53104 11963 19258 14221 20489 76078 92692 73348 
6635 16
42696 62708 19111 86581 40134 83817 45890 82358 43342 59687 32659 49046 41814 83911 77140 18033 
6636 15
42641 997 71874 5454 54092 97223 34089 1816 60066 95361 75695 47875 47982 88953 32592 
6637 12
63795 74827 7179 42527 73452 76004 76364 86868 48088 27361 20902 3873 
6638 15
27941 26000 65605 22932 39403 95207 16504 68153 96061 46440 65072 6 86499 80789 88692 
6639 14
47068 90877 39311 69990 60660 73787 15573 94302 26462 4937 61203 15161 13141 93723 
6611 10
94932 56399 82573 51015 61802 78699 86380 29167 32223 78467 
6602 20
23964 69698 64584 66197 71718 24465 87723 83015 5244 21751 65253 24284 80221 69991 93392 33369 64012 86127 52271 63803 
6603 15
97381 72164 55519 4878 78897 14793 33966 32980 33322 63190 91856 29803 8443 59514 61709 
6604 14
91827 44258 70789 72056 43951 7501 43336 57714 31951 31823 45191 88197 71243 27292 
6605 10
36971 75986 35757 26103 28095 51053 50051 42447 82721 53396 
6606 15
5144 32002 55231 83662 40500 89288 1236 40239 47923 28087 27485 92191 40103 53170 4697 
6607 16
10622 31828 55097 27459 98495 38537 86148 2690 12666 98411 5971 11257 32739 40104 31349 88118 
6608 13
2017 67023 98603 80953 9777 6829 65440 45646 18616 59424 92625 83533 56386 
6609 19
80532 62769 26726 22173 78614 73426 64281 69910 20546 84281 76612 40813 15824 8037 44884 34525 91760 17782 6635 
6610 17
9061 15445 85530 52564 39387 58943 14763 70938 44482 33337 50940 71667 5135 65737 95810 60699 88922 
6719 16
3944 88270 17853 24093 33452 97465 21056 50175 80492 25295 39688 61383 25772 11747 68776 12394 
6612 17
61274 26840 51976 22393 3698 11996 90289 91424 64075 60509 63998 41036 56585 56700 21810 1584 53430 
6613 16
43090 32118 32060 20539 94657 88175 31537 28339 18014 8592 80613 46772 98476 12540 56837 43820 
6614 11
62517 735 28313 50988 72185 12232 4128 11828 86037 69435 39749 
6615 16
5537 99431 92696 43224 3916 5501 61742 80554 72365 72229 56848 42852 25435 2018 41047 53836 
6616 11
25096 91310 98102 48471 64306 1689 90146 33117 15310 19375 54588 
6617 11
12449 61247 96926 57021 64879 84460 31755 30610 23323 20953 35264 
6618 10
78488 45396 23316 25153 5349 30485 54774 69228 43613 30986 
6619 11
73595 96439 38534 31253 48818 11694 33183 99811 21025 56857 5794 
6826 14
44766 75337 52131 41184 46958 6581 98963 56931 18798 49952 35453 17486 31516 45341 
6817 16
6214 38706 54793 68775 11643 78653 50787 69402 48789 12250 56149 69335 30562 65441 79318 66851 
6818 13
37154 59500 71584 15434 31830 83126 16155 35848 3959 69715 45620 18562 64663 
6819 18
83031 91320 99499 80409 68851 73694 30706 88857 10371 22210 42993 99955 83663 96000 31054 40261 16784 43041 
6820 15
269 8029 54610 78567 53714 14865 91194 91893 56248 19522 38041 4946 61375 40360 43794 
6821 18
34765 1631 64475 6120 40734 65710 47392 99232 53296 74059 38721 85849 36401 82842 95339 30421 2614 93884 
6822 17
34656 15027 45756 38362 67692 83532 31946 98206 12742 90677 21236 35097 75430 77680 8511 10666 10778 
6823 12
47247 26344 79199 35328 41464 56115 75685 72221 76471 57272 49563 18491 
6824 18
44023 78736 91445 81647 75659 74228 18057 4015 44697 85351 79718 42489 73702 28972 87711 40273 63738 83829 
6825 18
76639 9933 40844 63514 3636 53626 35545 23215 44461 51715 79583 99468 24913 30647 82064 42191 28246 82652 
6816 18
6601 38424 31124 12193 95174 73451 48405 14906 98921 70492 94138 69605 97106 25735 60288 35697 87883 48701 
6827 17
720 19816 3945 7456 15590 19267 828 77628 23769 5517 92746 70335 22551 58892 87042 74993 46807 
6828 14
53684 20841 89427 86303 50504 82723 29425 80701 67338 1600 79020 44187 85256 72174 
6829 18
54721 9010 74908 27337 83846 60881 45522 25090 6498 11981 68828 2609 29348 69860 52615 50086 34523 11544 
6830 12
72561 14016 32399 71662 32837 54113 30528 85319 25155 41918 7267 64853 
6831 15
18500 63498 34782 83952 75823 16931 56917 2046 62627 71665 61540 98655 97591 39934 83108 
6832 19
96968 91032 72490 99670 80719 59365 25371 935 26356 18282 83082 86543 65767 17907 44438 39171 22132 20256 25364 
6833 13
66898 58466 34697 61538 19467 83173 17035 98776 98092 18881 133 18372 96624 
6834 15
77057 24360 43531 97078 32271 43473 67461 74994 93328 78198 24210 78195 14402 33989 72358 
6835 20
32325 58628 34849 8575 31153 16479 20814 43578 19634 80336 24254 96916 3733 58688 9998 91645 54960 89216 58989 19175 
6807 11
97249 21367 83763 19041 46386 12587 77372 64478 87269 73757 73011 
6798 16
73739 26056 65054 94331 40140 73469 27594 79853 72725 32676 32299 35136 87498 240 92627 73480 
6799 13
30927 82616 79114 93276 98136 67170 92263 34086 74432 90776 90908 39183 57132 
6800 11
20516 82153 1443 62814 34778 88125 83089 41628 83103 63815 12400 
6801 18
8368 9181 84902 68766 84705 86725 66024 27821 4118 97597 19665 95917 93877 79281 23199 59005 93960 89882 
