203
3832 10
35265 16635 80438 95860 53771 2762 26449 17609 61208 87407 
626 10
25467 60277 56379 94298 37101 85702 49881 18408 58421 46041 
8052 10
81519 99866 74660 65195 3217 19030 59355 97062 83116 36360 
3842 10
10751 59453 27533 56888 8859 78320 17500 74548 77934 12400 
7394 10
15914 44619 18300 87449 98554 95832 45194 57011 81654 56217 
2437 10
24530 57738 15676 75084 14546 39800 87201 74328 36578 25095 
4384 10
26316 12157 35860 47841 11717 6157 94379 11648 15878 32519 
2509 10
14228 44888 15991 42915 2006 72907 17423 63796 16645 99990 
6628 10
33427 22221 90973 80033 61442 33668 92019 95111 26527 4392 
7098 11
90624 95965 70642 92652 7070 13858 89075 72707 18441 81733 33795 
4462 10
57863 75480 52688 21739 75102 44792 81924 90823 27168 62721 
6107 11
54788 57899 35692 40983 57147 75760 80204 7771 78660 23954 63158 
5795 11
84700 28082 57320 3375 64864 79444 89369 11335 15703 62796 85219 
4444 10
32882 87811 49509 45225 22022 25569 75478 98850 47703 61294 
5983 10
68601 88286 10734 43767 86527 50626 12029 10662 58448 63731 
1489 10
16618 84676 96446 18780 68669 10960 6539 98757 40236 89091 
1286 10
13734 42207 95531 7345 96233 50196 1507 69011 42370 47537 
5605 11
37006 42883 2959 15177 51132 69394 11310 68037 92018 98225 87745 
3590 11
51563 45937 57181 72446 13113 917 95018 7889 18689 39663 46642 
9379 10
45402 37554 12990 19949 38219 87830 62583 81871 14603 35578 
7835 10
1884 41831 72749 78364 9571 76123 16859 64473 77092 15442 
4403 10
91242 69617 26202 82909 73935 36366 61037 27168 66823 21181 
8236 10
93640 52580 91595 6009 14396 68383 86977 71801 11569 29760 
1573 10
95564 73636 24632 93175 54410 37730 60936 44788 73476 82601 
1016 10
88210 38177 82435 98259 3811 4268 42278 437 96662 31468 
8316 10
47223 57841 94677 71145 90133 15930 50564 35067 88459 16936 
3748 10
20543 10363 86443 33625 92891 82369 28994 76963 69861 46316 
8213 11
36249 71608 293 11223 64817 23557 41244 29363 26849 69127 81148 
9233 10
39568 47720 70581 46174 73664 57882 25076 87526 15703 96202 
2240 10
49021 59757 32689 82465 4273 18780 38090 18272 26416 94801 
767 12
10948 33923 38823 90546 80862 30450 8863 33740 73805 40430 5121 30861 
4684 10
82189 25207 41616 57563 14547 75207 46343 85546 58392 63262 
8378 12
16590 11021 98544 34613 32958 61724 58463 58266 84298 20228 23823 82122 
7665 10
70000 13592 40039 35285 12272 10488 10982 93412 88299 1046 
7456 10
5913 92438 46250 98979 91990 77273 22606 32780 29892 24663 
6433 10
10557 39715 5910 93327 5961 50867 95832 43014 96290 20039 
3079 10
843 6397 75515 87578 90319 62528 32433 26527 63263 4345 
6993 10
16950 48603 2980 93421 69164 81627 26720 52974 53 33515 
813 11
32256 11997 1143 85509 87626 29194 40902 76537 18689 24136 3780 
1271 10
28773 35685 39846 73484 13665 91230 23113 37721 23550 58716 
292 10
96318 33538 53449 90971 97706 7376 68442 87532 23671 40035 
7928 10
89039 69764 39961 14802 71044 34476 44740 22850 27903 31765 
10 10
2967 36199 42576 40578 25447 24649 77591 38822 12532 14256 
35 10
23008 39949 14697 17816 52920 38402 34846 16035 45746 7718 
6761 10
28729 59530 66015 28765 45826 41537 51623 36413 53101 66461 
2498 11
73749 54906 69814 28708 39865 12077 8341 30044 32625 43346 12727 
4761 10
74731 86021 6003 74803 24468 27402 52654 5762 51827 62949 
4710 10
78330 85880 2898 67135 43311 79156 6909 34288 80858 6924 
2871 11
86546 39360 37772 65327 44343 1471 57373 23544 38002 48391 62737 
2466 12
13701 59639 35727 19116 88048 93459 2613 41722 76078 67175 47254 91345 
961 10
38307 43419 40392 33658 34996 99590 9304 38257 82592 70043 
2947 10
32741 96459 38207 21906 98124 3651 19849 46635 8012 92941 
4943 10
50755 38013 12584 43417 82716 25236 22344 63712 69710 87883 
8960 10
84994 9055 24661 87698 26710 90950 9 95139 54370 57042 
7866 12
782 42094 24343 37216 31592 86664 89434 79481 54524 45318 83344 7718 
7422 11
4558 10471 70949 91533 61478 38539 44116 83752 39109 17949 48469 
8527 11
19148 94401 16151 9524 65955 76033 60051 97439 31812 23018 1885 
2811 13
33415 76070 95499 48868 58935 38990 82526 13946 80054 73039 63047 91846 15742 
5582 10
46074 19790 43071 99170 3960 40151 62665 76124 58726 22810 
925 10
21489 81649 62837 54049 49873 54010 8095 10542 81081 67473 
2931 10
57801 63373 91223 48690 59672 43391 37072 13290 39349 33429 
5308 12
82452 44135 96532 26162 54410 85725 31925 79372 71060 14001 64608 37083 
2976 11
91557 57087 71809 78019 67248 96358 90825 69552 74210 92701 38303 
433 10
74877 77698 10289 67190 67389 14492 50022 54623 12265 1166 
3862 10
15225 16396 92766 74736 68792 13943 71775 49033 44330 17058 
9566 10
52477 57624 65721 48216 76358 44518 60741 85657 3302 41865 
8927 10
95160 68159 10032 40811 88313 25615 94812 33460 74755 54439 
6605 11
36971 75986 35757 26103 28095 51053 29446 50051 42447 82721 53396 
9573 11
44169 73438 79675 59834 45212 2480 23543 45598 69101 4039 50136 
6959 10
94465 69000 8805 80912 38982 15291 94854 10551 99623 17021 
3411 10
41248 3314 36648 42555 7093 81640 70522 3928 68454 49314 
6109 10
19931 1178 71786 93430 25854 12003 61318 39924 89884 30948 
6463 10
69117 73533 12917 69851 72385 35200 62019 6796 26437 34829 
9639 11
80294 74876 44257 93275 51609 84409 93788 29352 39663 81300 99034 
1434 10
10192 67173 57828 88559 66369 46926 28963 61226 75062 30652 
4627 10
56179 91070 43516 68943 24657 9367 38601 79127 24111 44423 
6660 11
503 21371 715 48688 8197 15571 76945 77481 71964 62446 50595 
7713 10
22803 12043 26360 21411 2676 87456 40319 29200 95984 76137 
266 10
79088 9028 7361 71792 31348 75928 66318 56629 63796 38301 
794 10
74291 19230 26937 19564 94453 81411 19740 14396 9991 64596 
4475 11
69168 99939 14592 15984 51366 62904 66240 17253 72109 35752 1459 
6661 10
37238 56416 17522 79387 86958 37975 62917 1820 67718 46249 
5509 10
51834 1810 2168 57971 33125 73549 48132 4638 14426 71417 
8281 10
76141 82420 99369 50357 55621 92288 5987 90123 37014 11149 
1242 11
85545 28886 42657 5539 99230 53081 96317 40793 87838 25199 52979 
5874 12
20119 52348 77884 95237 38016 53553 45223 26282 68608 49442 89584 29896 
2019 12
19712 57464 71834 52019 62269 45876 41804 58036 93659 62081 19719 65795 
3780 11
71 10780 24280 25832 39895 72790 54514 99673 50908 87183 23965 
8632 10
12150 56100 80526 77491 84600 57931 15455 4011 14281 43668 
5885 10
79516 28311 51579 11689 32249 49250 96452 60279 20184 17288 
4136 10
76153 98409 82538 10334 32516 78485 48710 91306 22388 23054 
2395 10
84645 65485 32028 55498 29566 48699 37167 56459 22713 78730 
1508 10
19562 47208 19426 24102 96432 8568 91455 95112 84090 42613 
7875 10
1899 27527 66772 94447 42940 9257 19248 31130 57116 27280 
1819 11
62158 13396 58930 91420 7663 88993 90053 13090 73741 86779 14562 
7025 11
10805 52644 5509 19809 18708 19506 81812 76817 98482 33186 52788 
8600 10
27982 71301 13237 89375 88971 31755 84428 67247 17317 3751 
9876 10
82041 57244 54404 38918 22230 49465 71364 48488 85230 753 
7487 10
3486 13594 3233 8540 56872 17619 6180 81205 4991 21882 
5897 11
73997 68134 79355 42466 5335 8182 57497 49761 46241 92526 76659 
3265 10
93217 65574 39092 9498 47961 37816 71343 66478 75728 48133 
344 10
75426 48368 2071 59833 62853 55601 79348 57113 92172 57134 
6473 10
51189 712 21482 38145 24494 30439 94134 30685 66212 61905 
1589 10
21865 87699 50456 51598 86999 30000 82106 61124 18483 58925 
2105 11
46999 46413 63984 55190 32927 91108 51655 55036 70517 13553 92679 
2020 10
37139 33626 27597 27424 57212 83717 48808 88764 3751 8142 
6138 10
10079 16377 33433 45167 84278 23434 41058 4393 50468 20091 
8725 10
54581 72158 50213 87907 36557 42803 49926 35704 52394 79366 
2544 10
17663 58985 59519 68213 64936 49617 43933 61523 37345 33659 
3863 11
63139 94439 16172 90887 62399 79396 66112 99944 81534 4454 12835 
5355 10
70343 20823 54827 6853 66369 81779 89849 54332 32073 39771 
3912 10
75014 47014 9287 89278 83920 78654 9976 39242 79719 53430 
8194 10
97350 17510 42087 43912 2214 14162 64145 36780 16185 41767 
7160 10
22351 52041 10599 98560 34259 2966 77358 23802 47715 98047 
2367 10
911 2335 81942 96297 85684 62545 68771 65115 60097 56880 
7168 11
35693 76146 36602 33760 8315 32745 16205 29546 27912 10114 3503 
7151 10
61179 31687 75861 17264 86023 38851 21172 10556 56613 41231 
7266 10
66531 19785 71610 89992 95955 81596 80575 64717 65909 54967 
3354 10
58495 35278 65762 94438 684 12463 41159 34427 82948 91215 
4330 11
96715 71274 72368 96206 60050 2290 80442 97836 87042 6287 52496 
8135 12
72541 67391 99499 93777 31082 37649 44690 48135 29967 75471 87098 91573 
7006 12
36510 15894 24486 87664 13948 90217 6361 49643 7183 13796 82721 34237 
841 10
66305 31571 28705 43844 31266 51738 87231 81413 51795 87310 
1861 11
36478 82072 56532 62512 41096 88773 16674 83577 58489 4304 99241 
2898 13
4151 27128 3733 18833 39434 26924 15175 31889 73496 8979 69486 40590 96321 
7626 11
64978 91478 34782 10479 34652 88033 29804 31130 86833 84952 78800 
6316 13
92291 80217 45745 65562 66138 95115 35543 51290 49234 7698 78012 87684 93730 
2721 10
7218 91923 85313 76938 20963 6677 62891 34744 58561 51831 
6245 10
2211 673 75975 40401 65026 67258 56909 43794 71510 63563 
1403 12
60650 68456 10231 55951 80403 59518 74162 58077 42019 94238 40767 8000 
135 11
5639 10386 35987 59512 30895 62166 60779 3207 29083 92939 54535 
8657 10
14330 413 68039 54973 4513 63005 47553 34330 31294 2549 
1619 11
20145 18077 84316 66443 93113 11813 70913 64868 51729 8221 67940 
1398 10
71515 68616 71375 53546 99371 76576 19404 75665 62751 103 
5764 10
22455 40935 94656 49475 21846 23741 71775 56270 19393 43041 
7221 11
20758 54877 265 99827 43834 52456 67444 76831 35359 45204 11374 
9188 10
31659 34212 39482 97307 15639 68249 6180 62816 89639 24967 
9989 11
40136 69340 25891 37255 41493 19744 19518 11994 59460 34117 60722 
1840 11
21464 63096 18197 67353 54509 77428 40971 96291 61037 31430 42465 
9198 10
2800 59003 74088 56094 80334 68760 78078 63255 98340 70340 
6908 10
34065 10183 50819 22853 61145 62457 73471 63169 27705 73523 
5321 10
43115 47769 16748 57305 29741 98558 41430 72665 30320 29339 
5041 10
44984 40694 95216 33533 76299 82098 6344 76255 89798 77644 
3671 11
52935 60017 85378 38832 36487 16371 72263 14442 68647 52258 2755 
9148 10
46863 43265 30171 19653 83256 84829 17832 4641 35691 1148 
9308 12
90102 28271 91326 40543 3306 13737 88640 16272 56228 76024 56230 91396 
5061 13
44936 30186 24465 62839 46841 30345 44377 68725 28379 58771 1253 93835 74507 
2427 10
2173 42610 20418 28599 69666 93108 43798 20810 90369 88118 
8463 12
28120 48924 98328 97791 81485 5600 85826 62583 12765 27624 6843 28102 
8264 11
5559 89474 36427 70759 73485 48675 14517 96851 46880 39083 9595 
1792 11
36382 77864 58344 79919 38582 65547 47471 69090 36371 17425 82381 
2624 11
20516 60927 24420 25284 29384 49035 43112 18658 82652 75803 56868 
9325 10
64586 40380 27150 79824 83968 76288 71920 48925 59020 57864 
2743 12
26435 5732 89395 5936 36887 8141 21263 57184 31334 23235 27303 61905 
8402 10
56229 77403 21096 89322 79383 55298 99951 54632 99734 88739 
1649 10
92600 60467 52036 76065 25245 23175 25266 80013 56437 51556 
5358 11
55334 24363 24325 34864 88337 54763 94076 51824 47236 14281 48627 
8936 11
96158 49380 802 43570 30265 83286 95187 40024 84606 41698 28832 
1637 11
58686 28650 72206 81321 16939 13540 48483 61946 96579 88737 59802 
5588 12
18561 12037 90730 98776 4681 14873 47083 53411 60557 59753 36425 23922 
2547 10
17057 36494 83237 62329 58155 53410 67038 43058 81240 7915 
8661 11
50550 75847 58123 97226 33526 90480 87073 53263 43177 69662 90733 
5935 10
91765 6027 304 42760 74948 16468 4499 16035 18249 85177 
6752 10
79282 79713 10413 4730 75042 9358 30365 2912 39855 1898 
4285 10
46482 92034 92353 50001 49035 47665 58477 22916 77460 17795 
5918 11
94782 92538 74460 17453 6862 84977 33117 50371 20161 69940 62589 
3831 10
45262 52117 37192 95758 96074 1385 45229 8482 32625 97043 
1757 10
88265 86689 14381 48197 86288 3810 11575 67728 58879 83612 
6902 11
87326 73429 89815 12745 2063 66272 43924 55892 71819 96365 97707 
1406 10
18059 46065 74221 98931 90730 43125 50245 48761 18820 41090 
1423 11
54274 76883 6473 94907 69115 23812 78448 20777 15777 11345 97048 
5099 10
80317 56308 54441 47295 89562 73635 67432 96252 4252 59263 
7470 11
84931 30834 25892 47689 89688 60595 58776 24953 99819 97382 14340 
4763 11
83167 80990 89667 58146 28855 70603 6482 8860 96889 86028 3016 
5757 10
98236 13486 93922 86566 87720 75406 57198 38249 85173 32976 
9110 11
99103 78629 8444 67737 54757 93603 90052 34898 4345 84142 27498 
9623 10
64091 39991 3120 56917 61188 86850 26783 50646 79068 84691 
905 11
33693 47661 66607 89978 27684 36370 41493 51349 49717 94250 17697 
571 13
53022 16583 48390 34855 79996 78054 86139 10556 57458 20225 19435 89592 96106 
3114 10
71798 56405 36065 9504 43492 2205 35377 19461 90738 25565 
8126 12
99425 45614 19784 7363 14739 30389 70235 55631 20364 23151 81766 98297 
8311 10
30623 42571 76001 90068 9299 11842 23730 96031 736 3780 
2727 10
20809 57861 7405 77878 54193 80810 42984 85989 86027 66455 
8042 10
95799 80209 76007 58480 94734 36691 31059 83376 64608 77163 
6206 10
69794 43959 37971 32894 59144 75841 62469 74701 71132 98297 
740 10
58208 52472 51223 38908 1510 62087 67741 62447 81776 18399 
7865 10
1917 7734 34105 27154 49160 69241 72684 90794 42790 52290 
4745 11
35646 87314 9909 83089 33293 52336 34557 56150 87975 70082 40292 
1849 10
26122 99694 96216 58511 7500 94813 79646 87993 77871 72423 
5114 12
51753 71274 19101 39537 10816 64125 84008 21348 85069 11071 17830 83395 
8201 11
23553 1598 79656 29615 82777 84824 25094 29080 72486 97013 52339 
996 11
76223 67176 14434 11497 63027 93589 52106 58851 13804 35095 28832 
4014 10
55607 96015 89780 45552 20704 36549 51144 18497 39304 62085 
3291 11
66322 98322 29336 56650 56477 85366 82864 99437 74390 44330 84159 
8300 12
33813 54196 41532 62377 92704 73038 31408 60051 10836 51039 15770 9754 
7943 12
3135 98499 47827 47444 73886 41555 29856 86278 48613 312 71878 87883 
4784 14
1236 80003 43219 2787 85920 32891 88986 58761 76831 36121 70228 54047 35026 16501 
5226 10
52468 53523 81726 4140 75304 69939 4393 7428 76633 41608 
7538 12
83847 83432 95603 34644 26082 78324 93232 78021 81692 2250 64030 20825 
2286 10
28324 67637 97300 77774 90105 34977 36406 44449 51610 16365 
1231 10
24078 67879 84602 69045 93993 90934 62763 46637 95083 50913 
6561 11
62320 81097 41413 84143 50264 18075 89174 13709 61432 6598 73343 
8315 10
61835 35919 2373 12433 66616 31609 23531 13208 56307 23780 
