100
1237 16
64221 95397 32230 68615 48645 68167 35104 47455 50412 3845 71061 78183 74375 49956 52381 72602 
2103 17
94707 52305 10579 25083 98670 52840 19124 11028 14424 37862 6743 32613 82672 52599 61578 29044 82318 
7436 11
60441 56562 74957 78204 72142 52041 87458 15286 25505 82794 97220 
7020 17
46282 36960 8855 18862 20853 41123 93291 99471 4781 88410 99369 44705 46044 49787 50381 47260 49541 
6033 14
54186 66727 6594 64536 77516 44060 33013 37727 72495 34466 70864 85725 61493 98867 
861 18
88458 24596 23409 50850 77320 87155 1884 17567 8887 71082 41257 30714 58188 68776 80790 30771 66169 12061 
4570 17
91782 11891 58232 63795 26278 28449 21977 53642 16651 53756 55839 18297 71029 14057 88480 11810 59802 
8130 12
34477 57087 85938 25187 57100 1635 84570 22591 36435 83051 27833 9518 
1796 10
63547 45384 24706 44846 28708 1510 17528 1215 1442 41119 
2 18
16023 35387 7100 96619 11192 81548 85500 99122 70281 88815 2833 86566 29805 70856 9041 95109 81874 59105 
9436 18
2878 89190 77664 11410 67395 32535 21388 13433 19172 9161 38650 96533 59163 46967 72877 83452 10436 16117 
150 15
96450 16000 63625 47914 57972 96729 78811 93103 7834 81884 17962 4579 48953 16788 33273 
2929 17
27465 27023 44911 38518 30469 38703 43243 46862 35499 81535 136 91547 58328 21993 70385 54481 87204 
5929 18
15347 43646 1451 2572 88931 89401 72799 96048 67145 85490 94809 56154 52099 57092 13998 96460 334 877 
6373 20
95569 47406 31210 13788 6790 78442 69201 54118 7598 52049 92674 8427 52205 13313 69678 83213 94986 9687 80426 45193 
2338 16
62534 75286 67777 96287 44022 81215 99450 27208 45100 40728 60888 1687 87519 30916 40544 12789 
6362 15
91293 7018 70466 25797 61716 40445 8233 45872 79036 37087 55192 76049 63903 30994 47254 
7595 15
85333 95799 74058 10927 25145 96763 82648 49988 481 79599 44899 24543 48786 54100 56353 
7271 12
85166 86785 1805 28523 47977 11494 24249 79423 63735 62716 40932 13336 
2180 14
27253 54913 8261 79930 26314 44314 11111 93475 61571 71412 57319 50446 28685 61022 
3736 19
72670 6281 59249 43138 14771 70435 97822 51572 74801 19745 93054 5459 56531 72466 58935 28944 33953 65376 61218 
6144 19
6392 75647 92326 35911 53192 76837 87952 58025 34730 73835 5538 98640 85534 61402 42379 2429 93351 33017 72922 
1231 10
24078 67879 84602 69045 93993 90934 62763 46637 95083 50913 
4733 13
1952 35775 70198 96822 25003 96083 9902 86421 88175 77531 47422 47574 53495 
4678 15
25109 97242 5858 29704 49332 14409 26119 26810 82577 10016 1812 12483 42707 51708 48063 
1218 13
79775 59153 70810 26083 7074 78377 46997 45051 56959 62268 56163 91149 27977 
8027 20
98265 33448 57201 33227 16217 11158 47578 66273 42698 38730 76818 61414 31652 27758 11970 11234 28653 33808 50058 74019 
7642 12
54561 34994 79888 82987 57859 51285 59009 45911 83250 65564 50439 53623 
369 20
68137 9741 13634 92968 9739 78547 74289 26625 42756 30841 77410 72504 51246 32053 35058 79272 15393 6355 5709 3212 
8208 14
5565 98909 42598 87423 53248 64399 18566 72214 4513 89192 47527 95535 4970 60293 
8693 17
67336 86501 97527 35608 68741 21768 49482 60780 38325 21149 69895 74924 61202 64123 20390 36047 74548 
2428 13
60852 83692 35473 92154 14370 69485 11203 82951 2597 24483 12633 83928 77390 
1647 19
18061 23553 54832 2969 76413 17575 39758 83803 3145 91660 87101 10464 81694 3804 77604 32278 76629 15391 428 
6800 11
20516 82153 1443 62814 34778 88125 83089 41628 83103 63815 12400 
4468 12
71345 54809 41769 19193 96125 44264 9832 96334 90523 37518 25693 80400 
431 15
84922 29750 28839 65073 66314 7761 12489 9445 74607 60018 33568 37768 48125 1489 66348 
2550 18
58905 71671 60872 22333 74903 35072 25915 43330 4811 9757 77291 98984 25849 80558 70802 58338 37967 77956 
691 12
65180 43922 92213 74961 91267 63462 98393 62580 4615 47229 14374 40928 
1142 11
35688 69884 88186 63048 28156 28631 28894 71466 97972 54623 56941 
1352 10
33381 1598 74571 10891 66945 72680 56787 53141 10730 88807 
1754 19
66854 92246 77474 7377 17 42053 21428 9552 54286 45049 60978 97116 91391 25436 33239 11032 72643 62933 29405 
5478 19
48890 83138 86859 81888 14111 94881 51544 11330 92606 1704 68316 43878 74149 56354 30860 24697 46017 54915 30835 
4976 17
36526 79198 3294 2945 73118 9236 61870 83021 3997 79906 37490 83784 32179 92092 13666 76445 87711 
8942 17
31224 36956 36410 6086 38874 24013 4473 56294 99125 63264 36088 20281 66478 11994 64529 31674 41364 
9825 16
80134 56591 41850 78362 51662 2204 22302 74272 72658 69417 28843 53762 91004 10778 84101 88978 
4389 19
30200 86341 59575 45003 79175 54168 74590 22534 60294 99414 89475 31091 74165 79346 33244 68435 18111 39261 11318 
3015 20
55366 59103 18432 34807 94206 34244 44696 84758 4840 45093 56574 10788 45619 12014 50932 62459 60802 61320 57506 32227 
8321 13
94225 75848 93347 80921 20033 87129 87998 69635 41800 5112 28942 64684 28246 
7633 14
23714 30762 3852 92913 8546 58281 63037 93275 55372 14810 22303 68482 86135 4235 
9529 18
99083 25139 17725 49310 64519 29496 24122 66766 8266 45677 41969 2996 12130 26038 76740 24554 20656 43179 
5514 11
64176 92950 9165 83995 91981 12511 98431 66841 55264 2548 72346 
4765 17
36278 54555 10403 60786 23708 24363 85113 46300 24362 71951 15853 40877 68898 66924 6229 25756 41937 
6578 10
836 21252 18702 23222 15324 96914 18760 79026 5637 76143 
3086 16
71539 67706 55911 4889 45731 6916 92597 46118 80123 99752 96189 40390 69652 1206 75802 2562 
84 14
82737 41018 90880 45810 18411 90842 37440 82077 18348 90543 71298 33692 58794 37438 
8158 18
91055 30349 63915 39962 84919 33416 31708 375 46620 16474 10098 79729 69555 88157 33938 84767 43882 29364 
2419 10
6987 43120 1496 98688 24024 58347 35240 90113 24649 74102 
7162 19
23471 40369 47743 62040 86002 75023 12104 566 32720 76968 14996 54450 85050 20568 2189 98655 81540 1335 12286 
2361 15
11613 7034 27194 85699 78341 43639 64157 50445 99387 24056 78265 9016 53951 9570 49105 
330 17
84079 90911 19359 89467 69497 96557 6304 72030 56004 61998 5331 24391 4819 66343 47329 98597 239 
1539 14
94002 84840 40839 73615 16223 88340 79506 87469 36832 42991 75734 17310 33779 46661 
4256 20
90718 67670 77955 69984 29091 50931 51468 73946 59251 68175 805 59528 28656 27314 96044 50621 14682 18564 64685 71393 
4918 11
73464 35309 59583 74519 8663 3139 4423 41714 6969 2929 12180 
3372 20
62192 93244 36936 4969 59234 81346 77035 18459 1627 50955 17995 90137 81381 13142 51873 47874 34889 70519 83538 58104 
6919 13
91098 35820 56802 19046 82611 79403 60227 30857 66453 75196 21141 910 71543 
2092 11
57253 57172 62323 58411 10972 93702 21308 75237 15757 24670 36046 
2117 15
77110 16768 26228 64947 20426 7423 23288 13801 69324 51812 75573 66685 66630 99343 74623 
9644 12
90527 22785 92553 12269 50605 16013 73503 45307 13655 44636 91663 5130 
5959 20
82786 7456 80143 30054 38771 35526 32423 63552 35242 46878 77538 43306 96085 55488 72923 73741 87472 99849 46385 77394 
2749 15
89367 99205 74425 71375 32398 62406 74759 20081 71699 43145 48495 34872 55232 92151 53364 
6624 13
86738 16173 71019 65680 38905 80062 64750 82094 45683 61135 10286 78491 75489 
9113 14
61334 37715 63293 88913 44756 36090 59168 24788 88007 24786 56497 90477 38334 97048 
9211 19
53659 41582 85039 2447 59839 22757 98128 78749 4542 49402 5768 1390 51143 99321 51184 84030 78020 85682 95659 
9109 19
21831 72750 31552 34645 17036 9122 18611 70187 61200 15604 31577 72686 73314 50051 17673 68699 59149 59799 10455 
7672 18
17705 84902 8251 2865 49741 6065 72914 54710 51022 39697 13230 97068 81608 89362 10052 20609 29371 35623 
7185 18
90219 14789 3176 51189 41981 85687 41746 30256 23578 70053 28903 83263 52010 15697 76000 90274 98635 42054 
4578 10
27469 81001 4233 24807 90374 502 4369 41935 2014 88427 
5424 14
86821 58046 42200 86577 49064 18223 81383 73218 94041 29789 64329 23161 19173 43517 
493 10
66739 84813 96132 36976 71703 20574 70102 97666 55376 51944 
7599 18
13673 85363 14510 6450 79840 84313 80113 94218 87924 15740 25754 82086 44570 55343 15969 55396 15490 65522 
1712 11
26476 10481 29905 48521 44322 69012 12687 21347 91121 89319 19532 
5456 18
2203 82694 22032 8211 23064 2724 6079 36677 87086 26549 59519 57034 83731 25761 37659 71499 52154 65290 
3421 16
53308 61476 31226 68698 38373 87239 4854 61276 13221 87438 59628 16563 35454 49156 37190 17112 
1392 10
15227 86576 2584 41831 20162 26918 11874 55121 55229 4866 
956 10
73488 19182 15948 95823 2060 79303 816 45817 70651 11703 
1267 20
96082 17825 66432 40834 13994 5885 53688 9506 34469 39525 592 30878 9453 62486 90776 67886 91226 82685 18473 2829 
3710 14
54751 71177 57493 40526 93860 57110 39019 38676 86684 71603 55705 64668 97561 77997 
6767 16
60472 6143 27318 1299 46386 85726 38202 40514 48198 96093 52410 82419 8860 26393 42432 44190 
7216 16
97517 23149 8975 6127 33877 9720 38217 36672 42601 27195 93361 42116 77505 34423 33659 24136 
7151 10
61179 31687 75861 17264 86023 38851 21172 10556 56613 41231 
2458 18
27462 13855 42765 53647 24514 23528 44793 78002 28094 88267 93986 47298 64735 24281 48316 29017 21568 16162 
2781 13
74195 17847 65698 82810 62938 96913 24572 21480 67355 23122 10034 52370 38877 
6993 10
16950 48603 2980 93421 69164 81627 26720 52974 53 33515 
4493 19
18211 4550 31388 64895 33398 21504 68092 42420 35565 18954 11542 97991 54738 62757 38337 21576 966 9127 55767 
6909 19
70882 50266 18885 86247 11444 28922 9893 80654 83015 7349 80564 46549 40152 19728 20501 54474 42191 64162 8410 
2502 11
20975 28624 57797 66396 36563 51195 75956 49686 98914 25434 84583 
2204 19
82370 50179 70258 58586 25954 57300 57312 41436 12889 29880 9205 55043 43892 58758 5261 59184 22494 100 95659 
6350 20
91967 85008 12098 95651 74719 22137 90683 29478 88930 95079 29897 28244 13595 80162 77825 51631 91017 93115 48297 81013 
766 15
94320 49908 5864 18280 55432 51401 73864 33014 8598 53126 87213 1981 27478 43871 90430 
2024 16
97298 55231 65696 85376 7908 82893 85091 79489 10693 82998 24549 78166 71995 66391 44860 60075 
