19
917 143
86572 40991 67500 85889 36377 79246 76655 36694 6168 6307 6493 70560 90546 88662 59358 27748 25204 78857 97312 37971 17766 86045 54312 38194 57143 52454 75692 63192 28542 96664 94557 20112 79567 63502 27296 49499 97395 40597 91692 6466 10573 6238 91945 11070 45761 87227 17736 33975 38888 3555 15301 25822 56567 86105 27447 13998 83579 39239 67366 92194 53208 21194 9033 25418 51986 3426 42663 81888 6054 36108 73400 97326 1678 80145 71536 62398 33654 61611 14495 23976 5225 36927 23665 4299 20178 87870 53190 83609 97818 3343 43315 80488 85036 29864 53470 6161 41026 90791 73163 85358 32519 74352 4317 31456 52893 59534 82824 63272 87986 91313 40394 58913 8889 1077 61440 84552 24099 16920 12017 8166 40368 82830 23787 88037 72647 67697 3584 27737 36901 65423 58348 71893 84281 75301 56082 86675 30840 61539 89201 4407 80538 812 40064 
663 180
79912 21445 81057 43167 67711 35327 89581 86117 75081 4105 777 51705 65240 37123 59545 26611 36846 5739 12367 36875 40332 53298 13343 86351 88823 84330 85304 85107 99576 48392 14164 48869 7184 22646 96364 77226 21392 54968 9627 93485 95542 71385 9850 65804 85647 13901 40947 48455 5643 44806 6037 4680 79053 14711 19375 94573 56629 74331 56248 99766 69759 73883 11109 63693 57862 43411 19354 2468 6975 42080 84882 26136 24917 37868 30217 87171 71343 20158 83958 37238 91045 8667 54645 81586 59220 70033 87519 97700 58464 38860 95684 41543 50814 9901 89472 97857 31524 15454 96089 89296 94168 25197 24638 89787 55767 8200 19183 23919 43328 73088 28175 824 60323 61493 84587 55583 49057 67669 44977 13492 32646 55781 60138 45458 24981 90454 61484 56555 88227 72861 3637 59277 41315 65825 55705 71232 590 28660 82907 44276 56540 68408 93442 40698 63349 39090 75541 47501 96604 49276 47927 71024 84688 42440 4454 55408 24721 68035 33989 87930 97360 78142 34707 33568 88562 96786 76649 53789 74743 55410 91081 11695 38967 39693 18357 44457 96251 89059 65186 84722 
664 170
33351 66529 17852 27475 34691 79615 44006 41998 42282 99188 78759 25487 73409 68467 19211 67916 61718 82779 87939 64764 98936 35941 15420 51842 41794 63838 75344 20945 13386 80367 16290 27498 75742 56706 74640 87916 54607 72639 98083 87947 46723 33853 50795 13441 2787 53944 59699 63625 84354 34184 38768 277 30548 21531 25488 5110 45057 24275 97666 44864 24802 81392 12883 47949 27243 2698 64767 52046 91286 63257 82325 95965 43693 78570 39897 31510 63619 80520 72151 33666 23839 54770 51119 52341 92947 72311 37672 84136 5633 92766 65903 65508 28878 9229 29319 59061 88411 87913 66891 70287 85783 39068 29423 41864 36324 30661 20309 10130 59149 65425 49753 43623 94591 23314 65114 56022 82419 41686 44259 36618 3058 8708 29415 75802 86313 78749 99052 81834 83777 36926 58924 42973 24127 71535 26293 91718 48027 30053 56566 83384 7770 34848 97347 84160 23733 86292 1128 22623 78941 20708 54759 65561 86968 46469 60209 33966 10444 3733 51255 19781 97624 2998 42935 78055 92300 73777 38020 60610 98920 24763 
526 160
71817 15803 10286 5755 9305 15241 21704 94954 6123 61759 47330 78629 11384 65410 57894 27108 24792 24409 9276 837 62365 97746 72474 18548 58001 10088 29525 71818 57246 10421 5561 7890 36857 47216 45228 34123 95128 53540 38218 60950 41616 62689 52510 25645 48268 36731 80643 13780 86268 69975 34133 76677 95586 14827 72443 43984 43531 47576 17135 73702 29975 12924 64872 55948 23237 82702 11677 78752 79826 60722 68202 23623 16282 32894 38960 14129 69044 77440 1267 45382 23620 31084 15977 10367 40110 32792 11842 91276 24561 82037 28322 54067 15881 52851 52907 7484 73663 46692 89840 76838 25882 8014 55215 239 29428 16861 98857 63036 25619 11179 81597 68392 20847 42716 47129 9776 76733 34591 58860 94144 51092 93864 43662 59986 64438 53410 85982 85241 50661 14564 36826 27839 18011 51323 63633 55119 96175 22958 13362 64094 26117 10716 64074 26155 65059 71839 82047 76790 83344 13830 72840 21474 15784 25322 71352 57627 90336 81856 6985 45481 
277 149
99787 24983 92981 26101 12382 95150 58155 95753 14945 42345 51049 80708 97701 57082 22947 23843 98212 26668 58755 21129 80219 20565 72959 65972 85770 30135 82521 49576 41440 92338 77367 58547 18028 67923 95140 34459 19100 47408 91453 27234 80762 49626 85931 10357 9513 26242 71323 44684 45942 366 8655 91163 532 85411 31404 58290 31789 36807 76296 60922 57079 97311 81570 80014 24655 70907 68961 4916 71376 89860 48789 27026 51138 59667 51766 6074 46546 15093 47339 6590 24020 60283 87584 97429 42794 20720 97668 82593 58727 68928 60041 87007 57902 69116 84588 14158 12829 26708 78668 47910 94214 45603 53803 87244 62333 74144 78723 73182 15664 84522 23005 9006 33839 60263 9052 83026 49708 59565 53486 47771 75372 8840 71147 45866 12128 9169 43365 73558 87652 11917 30386 38729 91495 20754 94999 21871 67927 73389 34828 77629 13226 56890 65277 25447 55194 76740 55318 91648 82560 
319 137
72069 47418 10314 40628 75409 2880 31615 63288 60886 64429 68394 43326 70792 32283 72043 59414 85961 44455 52664 64710 17290 12443 96957 73283 6921 58318 42341 60901 53213 57920 15941 95077 56090 56071 64887 35260 28041 70665 33960 92372 74161 27731 41509 80314 12688 93812 82734 80968 73022 83647 286 67032 49335 85799 67009 77412 61830 47761 41047 65179 57773 59817 63735 6683 13831 47722 57096 16895 17165 6205 54345 26504 44220 21743 42259 21519 13584 1046 35682 64689 55329 16894 17805 40125 37337 71284 10874 19972 19951 87686 88332 36276 8384 74131 21603 37493 89729 20913 20216 21424 74372 833 84215 76726 42137 79990 1770 17740 21825 88181 30343 24297 83503 49790 42412 12597 31717 21649 61281 20993 30784 40692 62090 3355 61261 16313 98543 41630 85660 41896 76663 31492 76165 19632 68561 14476 98060 
153 254
55556 40862 147 10633 88835 30182 50371 51463 94549 67343 26703 97734 80067 52338 1710 14674 43115 56625 50963 10851 564 51738 85233 94198 40356 84615 79482 33317 44211 56991 40089 523 36168 38576 4633 507 18051 76251 59907 25668 73423 72115 45886 75622 90980 44013 42434 52098 58822 70631 38870 79605 29638 8702 62014 93563 94347 2074 34225 61761 87045 849 65985 79400 12540 89986 70580 41402 19379 87651 18218 27513 69141 98454 77012 69458 58788 43502 98035 48393 44395 687 5253 80627 48108 55885 13274 17574 91236 39669 87591 93700 20614 87115 38208 7494 27523 74605 48801 57434 65243 91831 34427 51562 8801 80352 32233 60091 99679 52782 10534 81590 56222 51972 72718 30581 34030 86359 83924 67847 92305 72605 18985 91931 65894 77741 99785 20687 45890 62872 58980 33931 91371 96213 92590 92636 24964 74322 93972 83690 96287 99065 1808 20183 37288 91505 51983 58237 41826 36318 49331 91064 93046 32421 64896 20049 23884 73646 57595 61241 76434 24574 33873 68974 86737 30283 10875 64602 49944 40012 59103 99757 50496 72615 63617 30763 53507 32584 98018 93938 50575 76010 9738 71021 86160 83151 29548 85786 7544 76974 30534 22444 72952 48609 37883 5300 54617 69154 34882 34986 19448 69906 18789 63221 88846 1146 225 88250 33014 714 49876 10065 24355 37027 55744 59450 20541 54545 47854 12551 8831 92439 47958 44862 41173 93879 4127 41254 60928 67755 40066 99215 21222 62688 3518 73512 17502 44651 92365 77989 80300 41149 32097 68053 30161 91994 16966 74898 89531 15506 54403 81753 22513 84873 
152 239
58891 17296 21344 90305 8110 77369 44548 83842 10488 18581 58013 9684 68386 45505 40718 33778 25603 79318 25120 62057 16598 31347 66767 86188 10676 14911 35727 19798 46277 98187 17660 81137 88382 66548 34793 18140 33941 76939 27874 64038 40026 44460 78547 12452 50493 67102 16776 23730 32193 26802 45052 25236 12644 53573 65901 93385 79155 47264 86349 54885 81722 84975 40499 31580 51545 96422 94544 62641 61980 52597 84333 40281 73963 4503 54806 51978 22112 33743 35224 16903 69804 93068 13131 45461 536 11696 40801 45362 75094 65721 16245 10081 44016 16420 79049 6575 58053 60692 70566 50168 98915 50249 68125 27648 58021 54697 49799 58367 23615 6779 65169 3844 84107 48462 11609 89675 85230 88467 1942 20722 23794 7157 38934 34180 30023 68601 43529 78879 30162 95811 9840 45701 70046 99260 30874 96295 18114 40027 55500 43780 8169 80190 97803 18598 97815 30377 21332 15889 61929 10143 88550 78310 94758 77088 62595 81138 45331 86744 434 20302 296 58466 59201 36765 84374 50480 70440 72594 8499 46558 79253 30731 4185 40014 40575 63785 46633 21986 8407 72293 15953 51247 1616 78631 38395 31004 40728 51056 23946 93011 58865 60505 40503 28516 10161 56402 18574 64523 3100 99685 22171 98359 28360 34602 22479 90109 30646 97471 11940 13885 17352 86281 16165 27516 66618 1615 96408 35255 70952 79951 30389 7060 3677 48762 10224 20572 93537 58264 24496 62099 98719 39914 98571 51623 76194 48615 54602 78356 58287 
193 106
53614 82386 87322 52816 63606 74080 17765 3441 16087 35388 78220 678 59263 14212 8640 23165 24656 36339 57087 3068 79187 52734 93905 45612 90023 53346 52656 45704 22111 81610 22669 90224 91131 21844 42106 674 79388 92577 26810 36378 41801 71694 84095 73792 26402 49077 90926 24217 42221 53269 64381 67486 7977 35137 21115 52756 86242 4431 49349 98754 72048 29760 70142 65170 55485 19982 73342 10214 86677 25776 23214 76909 54422 82429 98138 87449 94082 41444 16019 88391 67982 8972 77481 67910 13639 31305 46552 69211 81090 46684 92375 51757 25975 84167 19164 48936 97276 61656 43868 94817 58529 28319 7228 85592 6323 55900 
272 97
97814 95194 69895 77091 12788 86254 26863 50258 13755 18920 77231 73736 27417 64923 51912 74317 15006 41319 81023 52401 4560 76693 51308 84434 32574 50607 41434 33431 57442 91707 32365 30437 74158 99838 22803 94889 62809 70204 87863 16957 99941 78182 83736 94289 17370 26138 76394 75282 16302 27118 88050 9971 53220 90246 87905 22033 88458 30157 92255 76011 19895 57816 29011 75309 89205 14234 15259 77019 99078 96966 92626 96130 46481 98036 43526 74110 84515 81575 27036 81158 26087 84017 69451 56966 36182 63923 30556 50341 83523 94291 21541 19104 93660 40383 41438 88611 3245 
628 24
21435 195 2077 46407 36084 75296 41450 86412 7421 11306 39111 20111 61834 26672 28769 76074 62512 84904 24701 71292 98692 5476 90249 41304 
196 153
14377 42834 54886 59567 55622 59445 50573 69067 43543 86869 75939 80667 29212 52927 28756 11595 32732 34930 54841 31867 90515 683 6076 42275 2750 87833 95162 59123 89097 37561 67713 99575 44401 91704 49059 93116 26709 92527 64738 26318 60146 35439 57091 92667 34893 62127 22672 44735 42589 45824 48842 51364 28699 78736 73288 11274 86377 15578 7556 38650 59000 39378 22964 69701 98566 73976 72263 71412 55271 81286 45058 28055 41533 99385 65856 26756 95688 92616 15974 45050 99511 28164 29383 22041 15676 87803 26538 59724 91531 77456 87883 24397 21494 12545 28072 87771 21189 38541 68660 69605 60145 34049 30939 21712 53982 5331 43567 74530 11831 20984 27309 39905 65214 64411 77320 80679 97199 86044 50683 24881 40433 80356 88258 9542 27978 77948 62279 32623 47137 48209 58028 59643 60280 54891 15431 2449 58746 29247 63164 70789 40565 76755 3964 94695 72439 34748 93176 99013 40591 65612 94734 41740 4458 
67 133
80830 77973 44679 89912 37897 33763 19491 12709 17583 76482 95840 53236 98194 9022 5137 27525 15839 57714 87149 88836 82260 41478 89308 79747 89981 25581 31583 10619 39396 60762 74063 7024 83819 37884 83980 2471 68132 1988 67839 92422 63588 64448 77662 1255 96639 24013 1305 64732 47396 6529 77792 65760 91873 24681 646 60860 84367 1220 82385 74044 34957 26624 34238 46291 75392 95383 88416 28867 72670 45975 72928 3617 62453 63985 60940 21628 45722 11935 4016 55676 72897 2720 76854 97583 46974 55212 22284 76342 79917 84366 56459 64023 50338 95673 22995 8694 27918 98022 86583 14179 81931 51713 48251 76626 4158 38611 52186 41350 1541 96620 75450 86358 41635 3084 70976 35988 23660 18611 67950 46305 37474 59703 21856 53945 65306 49467 12173 58447 11939 10962 3991 54474 79127 
113 117
24131 60058 94427 95436 67337 46545 43922 1387 59333 31066 62298 49172 39985 64752 42494 74149 16186 46480 40447 98388 66475 54568 53333 77314 39990 33027 69838 45731 34897 32073 75623 84496 59691 14533 22630 17879 73522 36836 26631 4934 54747 74823 79857 7369 14609 58879 98400 65149 96591 28433 18439 11021 78780 41479 16447 60817 66770 49338 70731 68797 48434 60697 77131 59089 33825 19902 22879 95497 79240 67920 46621 36938 65505 28891 50933 55638 42539 5784 58952 83224 72011 92870 10110 90519 37371 1031 23935 66819 4373 58478 22485 12958 89782 96931 80099 72025 55506 36962 4485 83674 80380 36692 50196 9837 89032 59716 26799 74338 25743 3966 71049 44012 9403 99674 39670 61341 19478 
518 95
99359 67023 95736 57527 32316 958 82017 10580 88769 92205 1399 62206 95311 72265 57216 36312 34925 57593 11148 54320 85637 47071 13613 32599 27721 13331 65220 40986 15333 88687 62042 91811 57856 51234 3893 78814 73593 48199 54246 27633 93429 28448 38601 97915 94542 72307 26556 51354 60980 30018 36161 93613 95590 31471 40365 51581 30442 67517 1821 43775 47066 90181 84504 82155 43196 66198 27046 81991 41082 70565 43490 81743 78457 8620 33969 95272 39418 84169 46839 65027 27411 53065 10111 66380 67206 74426 38607 42847 87371 88401 56470 28910 217 75813 10262 
763 40
85958 72830 76722 73729 49226 34982 84152 57563 17594 45106 54707 78693 53981 56592 51907 74075 86821 40093 65890 93466 39722 7921 23293 90774 76530 87540 62976 14817 95600 23370 59357 12500 87695 97743 13483 95198 9765 76955 71761 6934 
321 56
25525 50808 64579 24157 70543 99960 5569 80707 45491 1374 34708 56724 79260 62859 75108 82842 42641 10715 48109 48860 31871 92443 50909 69091 69225 1512 74143 33033 48254 6264 13749 55606 72751 70390 54924 24968 35604 4285 25262 44053 1636 37342 56509 37914 40242 66995 77337 81450 97611 99589 62171 32956 989 3407 60911 34148 
929 36
87670 45696 53086 70955 16609 15088 78983 79550 55684 69355 18377 97703 86964 60801 11966 31801 57024 80266 93597 28114 79348 6219 5983 51001 85204 31498 30227 7448 95702 33240 60333 52577 76749 7709 91087 18256 
930 19
21103 61234 21354 67637 24418 92078 36737 88274 91123 34817 26437 59710 49098 41379 74820 631 4396 60115 94496 
